1	6	621	50	9000
2	351	924	2	9000
3	428	973	32	9000
4	259	799	19	9000
5	152	646	46	11000
6	129	895	44	9000
7	329	893	50	9000
8	102	794	32	9000
9	2	675	50	9000
10	134	643	7	11000
11	334	968	50	9000
12	177	894	50	9000
13	232	824	37	9000
14	454	993	42	9000
15	55	548	14	11000
16	208	823	21	9000
17	107	771	14	9000
18	329	943	50	9000
19	179	949	21	9000
20	584	970	50	11000
21	155	798	27	9000
22	131	850	50	9000
23	358	968	39	9000
24	27	946	37	9000
25	456	974	31	11000
26	276	943	8	9000
27	278	875	15	9000
28	59	768	21	9000
29	183	872	50	9000
30	126	618	50	11000
31	5	821	48	9000
32	208	1000	18	9000
33	401	998	50	9000
34	326	942	16	9000
35	277	747	13	11000
36	355	972	49	9000
37	309	973	4	9000
38	302	996	50	9000
39	252	948	44	9000
40	254	697	50	11000
41	407	944	6	9000
42	153	720	50	9000
43	309	846	26	9000
44	209	818	5	9000
45	27	447	49	11000
46	9	821	5	9000
47	453	997	27	9000
48	202	819	32	9000
49	403	997	6	9000
50	508	950	50	11000
51	157	842	38	9000
52	355	971	32	9000
53	101	967	37	9000
54	182	967	50	9000
55	109	497	22	11000
56	357	899	37	9000
57	55	592	33	9000
58	59	950	25	9000
59	207	968	29	9000
60	459	921	50	11000
61	233	850	25	9000
62	429	995	18	9000
63	108	874	8	9000
64	131	972	40	9000
65	6	524	12	11000
66	7	625	13	9000
67	280	948	50	9000
68	53	699	50	9000
69	129	822	9	9000
70	284	745	45	11000
71	352	997	50	9000
72	182	871	31	9000
73	209	918	50	9000
74	77	919	20	9000
75	106	542	16	11000
76	407	948	39	9000
77	76	942	29	9000
78	407	993	50	9000
79	82	921	43	9000
80	605	994	50	11000
81	252	995	33	9000
82	58	796	50	9000
83	107	921	50	9000
84	453	1000	23	9000
85	402	917	33	11000
86	80	845	42	9000
87	34	572	49	9000
88	202	793	39	9000
89	430	972	10	9000
90	283	798	17	11000
91	303	875	50	9000
92	380	947	18	9000
93	359	900	44	9000
94	201	969	30	9000
95	7	494	20	11000
96	308	996	50	9000
97	459	992	50	9000
98	151	844	37	9000
99	277	874	42	9000
100	403	923	4	11000
101	126	993	13	9000
102	378	968	49	9000
103	176	943	15	9000
104	228	871	42	9000
105	178	650	49	11000
106	353	919	44	9000
107	434	970	35	9000
108	158	792	50	9000
109	233	942	31	9000
110	481	993	47	11000
111	205	898	35	9000
112	359	921	50	9000
113	179	873	15	9000
114	305	998	26	9000
115	105	593	42	11000
116	79	971	3	9000
117	107	1000	41	9000
118	152	898	18	9000
119	126	975	19	9000
120	133	599	27	11000
121	127	850	50	9000
122	132	918	50	9000
123	429	974	47	9000
124	108	943	43	9000
125	32	418	17	11000
126	6	997	32	9000
127	301	992	50	9000
128	376	1000	50	9000
129	202	820	50	9000
130	402	899	6	11000
131	228	768	30	9000
132	279	946	29	9000
133	229	793	13	9000
134	326	900	19	9000
135	234	721	11	11000
136	382	945	17	9000
137	206	992	50	9000
138	159	794	3	9000
139	455	998	50	9000
140	109	494	5	11000
141	327	969	50	9000
142	180	744	50	9000
143	381	918	3	9000
144	1	825	43	9000
145	383	798	46	11000
146	228	871	4	9000
147	431	968	44	9000
148	181	918	25	9000
149	30	699	12	9000
150	108	493	23	11000
151	326	898	28	9000
152	1	747	50	9000
153	133	772	37	9000
154	406	975	50	9000
155	281	722	38	11000
156	133	995	50	9000
157	459	996	50	9000
158	26	899	42	9000
159	305	969	50	9000
160	276	773	27	11000
161	102	648	14	9000
162	303	997	50	9000
163	459	996	12	9000
164	83	724	20	9000
165	402	868	34	11000
166	33	723	21	9000
167	305	875	21	9000
168	329	970	2	9000
169	7	822	15	9000
170	458	920	50	11000
171	309	894	11	9000
172	78	673	39	9000
173	232	846	50	9000
174	429	968	50	9000
175	583	968	50	11000
176	278	923	45	9000
177	59	825	4	9000
178	433	974	50	9000
179	432	997	17	9000
180	359	770	16	11000
181	56	672	37	9000
182	29	994	50	9000
183	157	947	17	9000
184	133	772	50	9000
185	355	817	50	11000
186	330	871	18	9000
187	252	969	37	9000
188	157	898	7	9000
189	205	792	22	9000
190	527	944	50	11000
191	58	995	43	9000
192	330	894	42	9000
193	207	925	46	9000
194	432	973	24	9000
195	284	748	50	11000
196	305	943	40	9000
197	5	671	3	9000
198	55	921	28	9000
199	205	917	50	9000
200	55	468	26	11000
201	282	867	43	9000
202	352	993	41	9000
203	326	868	50	9000
204	81	825	10	9000
205	506	921	31	11000
206	177	773	46	9000
207	153	895	3	9000
208	179	994	31	9000
209	359	943	50	9000
210	107	619	32	11000
211	208	795	35	9000
212	376	917	23	9000
213	32	872	14	9000
214	132	795	25	9000
215	380	767	16	11000
216	151	993	47	9000
217	327	872	32	9000
218	205	944	38	9000
219	426	974	50	9000
220	580	969	21	11000
221	331	925	19	9000
222	201	874	25	9000
223	34	918	50	9000
224	254	793	46	9000
225	204	618	38	11000
226	432	974	3	9000
227	29	718	50	9000
228	204	846	22	9000
229	231	973	50	9000
230	231	700	11	11000
231	105	643	1	9000
232	152	948	21	9000
233	184	723	12	9000
234	131	696	44	9000
235	1	467	5	11000
236	427	968	50	9000
237	432	971	32	9000
238	302	999	18	9000
239	152	945	50	9000
240	551	969	46	11000
241	434	1000	50	9000
242	355	896	37	9000
243	81	697	15	9000
244	127	896	13	9000
245	7	444	15	11000
246	180	722	38	9000
247	105	818	39	9000
248	156	969	50	9000
249	209	893	44	9000
250	380	871	50	11000
251	208	872	15	9000
252	357	967	17	9000
253	59	700	50	9000
254	4	970	21	9000
255	459	850	11	11000
256	107	697	18	9000
257	284	899	24	9000
258	330	946	50	9000
259	258	971	50	9000
260	333	717	34	11000
261	158	750	10	9000
262	182	825	40	9000
263	358	998	50	9000
264	255	942	23	9000
265	206	672	42	11000
266	308	971	50	9000
267	102	696	36	9000
268	103	694	29	9000
269	429	998	47	9000
270	334	845	24	11000
271	181	771	16	9000
272	127	775	45	9000
273	27	820	28	9000
274	104	721	14	9000
275	579	995	50	11000
276	81	917	19	9000
277	78	750	5	9000
278	181	872	29	9000
279	259	919	48	9000
280	476	967	21	11000
281	278	871	50	9000
282	429	967	35	9000
283	153	850	30	9000
284	107	793	34	9000
285	551	994	7	11000
286	9	597	49	9000
287	429	968	31	9000
288	158	924	16	9000
289	53	796	50	9000
290	252	694	50	11000
291	305	869	12	9000
292	257	796	5	9000
293	384	968	41	9000
294	351	994	50	9000
295	152	643	18	11000
296	282	918	50	9000
297	333	867	44	9000
298	80	922	29	9000
299	2	695	46	9000
300	56	522	47	11000
301	158	849	46	9000
302	351	921	50	9000
303	131	824	26	9000
304	303	993	18	9000
305	56	545	19	11000
306	302	844	34	9000
307	58	817	50	9000
308	5	949	31	9000
309	356	996	16	9000
310	584	975	49	11000
311	403	1000	50	9000
312	429	992	26	9000
313	155	944	24	9000
314	109	673	21	9000
315	329	746	39	11000
316	428	975	20	9000
317	405	944	32	9000
318	207	823	25	9000
319	134	799	50	9000
320	434	822	32	11000
321	301	974	14	9000
322	434	969	15	9000
323	159	895	10	9000
324	405	949	15	9000
325	6	447	49	11000
326	205	873	50	9000
327	101	972	50	9000
328	105	971	21	9000
329	183	998	40	9000
330	129	518	33	11000
331	4	823	36	9000
332	358	998	17	9000
333	255	842	21	9000
334	231	946	17	9000
335	530	948	6	11000
336	178	922	50	9000
337	433	995	36	9000
338	406	998	36	9000
339	459	999	2	9000
340	178	599	50	11000
341	101	743	29	9000
342	382	992	50	9000
343	331	974	17	9000
344	303	973	21	9000
345	455	948	38	11000
346	306	992	22	9000
347	83	746	14	9000
348	429	972	16	9000
349	307	893	46	9000
350	277	695	50	11000
351	427	972	40	9000
352	358	970	10	9000
353	277	919	5	9000
354	351	992	36	9000
355	431	819	15	11000
356	182	769	22	9000
357	304	996	24	9000
358	30	917	46	9000
359	134	822	50	9000
360	157	667	12	11000
361	80	825	19	9000
362	259	819	49	9000
363	451	993	50	9000
364	56	895	35	9000
365	558	943	12	11000
366	452	995	5	9000
367	152	700	21	9000
368	331	899	24	9000
369	103	846	20	9000
370	507	997	41	11000
371	231	843	17	9000
372	128	875	50	9000
373	79	944	28	9000
374	407	973	45	9000
375	383	821	43	11000
376	456	994	31	9000
377	379	999	24	9000
378	126	998	43	9000
379	132	775	33	9000
380	2	444	38	11000
381	301	872	48	9000
382	284	817	50	9000
383	205	870	21	9000
384	159	994	20	9000
385	455	874	50	11000
386	408	967	50	9000
387	456	997	47	9000
388	427	975	50	9000
389	408	997	50	9000
390	502	1000	19	11000
391	206	748	50	9000
392	126	818	50	9000
393	229	868	7	9000
394	54	919	31	9000
395	304	795	5	11000
396	455	997	50	9000
397	132	920	50	9000
398	281	844	50	9000
399	32	897	50	9000
400	277	795	29	11000
401	154	825	7	9000
402	330	974	50	9000
403	282	974	38	9000
404	333	867	6	9000
405	306	723	8	11000
406	129	822	50	9000
407	184	922	50	9000
408	6	921	18	9000
409	327	867	27	9000
410	433	824	50	11000
411	52	993	15	9000
412	157	818	40	9000
413	452	998	15	9000
414	277	823	32	9000
415	280	749	28	11000
416	407	996	38	9000
417	453	995	50	9000
418	284	824	22	9000
419	409	968	28	9000
420	407	921	45	11000
421	101	824	2	9000
422	154	694	14	9000
423	304	850	50	9000
424	153	943	35	9000
425	558	998	28	11000
426	454	999	15	9000
427	354	969	49	9000
428	158	748	48	9000
429	178	948	50	9000
430	156	618	36	11000
431	132	995	43	9000
432	129	996	32	9000
433	151	746	38	9000
434	431	969	15	9000
435	59	448	36	11000
436	7	643	36	9000
437	130	873	47	9000
438	153	875	14	9000
439	308	969	40	9000
440	30	520	41	11000
441	204	745	50	9000
442	302	948	50	9000
443	384	921	20	9000
444	408	943	47	9000
445	479	998	17	11000
446	281	821	35	9000
447	108	971	28	9000
448	76	994	3	9000
449	433	994	14	9000
450	503	975	45	11000
451	202	973	50	9000
452	132	972	22	9000
453	280	872	50	9000
454	281	922	18	9000
455	304	722	36	11000
456	304	923	50	9000
457	452	993	18	9000
458	4	544	26	9000
459	180	724	50	9000
460	306	821	1	11000
461	277	895	12	9000
462	352	974	19	9000
463	255	844	25	9000
464	434	998	46	9000
465	276	667	40	11000
466	176	874	39	9000
467	102	800	36	9000
468	134	846	31	9000
469	377	995	50	9000
470	582	975	17	11000
471	52	894	35	9000
472	277	945	26	9000
473	129	723	21	9000
474	454	995	20	9000
475	458	846	8	11000
476	80	947	35	9000
477	131	673	50	9000
478	156	723	50	9000
479	201	993	19	9000
480	233	718	10	11000
481	181	897	40	9000
482	377	920	47	9000
483	357	918	50	9000
484	380	992	30	9000
485	509	897	7	11000
486	2	868	50	9000
487	330	1000	14	9000
488	303	842	50	9000
489	152	997	3	9000
490	82	571	39	11000
491	326	918	29	9000
492	279	894	50	9000
493	332	995	36	9000
494	83	848	50	9000
495	605	1000	39	11000
496	108	668	5	9000
497	278	920	29	9000
498	353	943	50	9000
499	204	967	43	9000
500	403	822	43	11000
501	233	794	13	9000
502	276	844	47	9000
503	403	948	50	9000
504	127	697	26	9000
505	603	999	7	11000
506	277	895	50	9000
507	434	973	44	9000
508	226	794	28	9000
509	455	994	22	9000
510	409	798	49	11000
511	183	750	26	9000
512	455	993	45	9000
513	282	967	50	9000
514	276	843	50	9000
515	51	518	22	11000
516	176	919	36	9000
517	331	997	30	9000
518	206	996	27	9000
519	357	924	28	9000
520	380	792	44	11000
521	84	624	12	9000
522	77	972	12	9000
523	55	774	11	9000
524	255	895	17	9000
525	458	945	41	11000
526	303	920	50	9000
527	6	650	50	9000
528	333	870	31	9000
529	9	770	21	9000
530	328	796	29	11000
531	279	892	5	9000
532	459	997	50	9000
533	134	868	50	9000
534	329	1000	29	9000
535	31	446	43	11000
536	31	870	43	9000
537	76	992	24	9000
538	33	817	50	9000
539	304	971	38	9000
540	58	445	15	11000
541	452	994	48	9000
542	428	968	25	9000
543	81	692	14	9000
544	277	897	50	9000
545	251	724	50	11000
546	229	950	30	9000
547	104	670	37	9000
548	407	969	3	9000
549	201	919	43	9000
550	78	493	33	11000
551	77	823	50	9000
552	430	971	28	9000
553	131	944	50	9000
554	203	897	50	9000
555	381	847	45	11000
556	403	943	40	9000
557	231	972	9	9000
558	7	874	21	9000
559	382	923	47	9000
560	77	575	5	11000
561	408	997	50	9000
562	277	975	50	9000
563	326	973	6	9000
564	7	767	50	9000
565	83	548	24	11000
566	383	998	39	9000
567	154	794	46	9000
568	76	922	6	9000
569	6	722	25	9000
570	101	572	50	11000
571	132	924	29	9000
572	33	692	47	9000
573	333	996	32	9000
574	454	996	19	9000
575	332	799	5	11000
576	130	942	50	9000
577	32	643	36	9000
578	34	575	6	9000
579	431	975	29	9000
580	156	569	31	11000
581	206	820	34	9000
582	101	845	25	9000
583	380	919	34	9000
584	427	972	40	9000
585	584	996	50	11000
586	432	968	22	9000
587	308	917	18	9000
588	331	993	32	9000
589	101	744	34	9000
590	459	900	8	11000
591	359	899	9	9000
592	152	699	32	9000
593	334	873	8	9000
594	326	875	33	9000
595	584	967	45	11000
596	457	999	24	9000
597	332	872	21	9000
598	206	847	25	9000
599	182	773	12	9000
600	302	699	15	11000
601	1	545	6	9000
602	134	895	29	9000
603	282	921	47	9000
604	154	844	23	9000
605	459	925	27	11000
606	329	992	50	9000
607	358	945	15	9000
608	256	921	30	9000
609	258	994	21	9000
610	484	874	50	11000
611	434	995	13	9000
612	451	995	27	9000
613	26	618	50	9000
614	329	924	43	9000
615	256	695	7	11000
616	355	994	43	9000
617	5	668	28	9000
618	258	925	20	9000
619	157	748	45	9000
620	584	995	50	11000
621	54	646	45	9000
622	208	774	50	9000
623	231	796	23	9000
624	431	967	30	9000
625	204	647	17	11000
626	206	970	50	9000
627	179	899	24	9000
628	31	619	22	9000
629	308	872	48	9000
630	126	521	37	11000
631	58	774	32	9000
632	155	946	44	9000
633	259	845	50	9000
634	181	796	50	9000
635	534	917	50	11000
636	184	824	38	9000
637	31	899	50	9000
638	434	971	50	9000
639	355	898	17	9000
640	534	950	32	11000
641	278	969	8	9000
642	8	892	45	9000
643	227	774	50	9000
644	258	925	13	9000
645	107	495	50	11000
646	83	748	31	9000
647	430	992	16	9000
648	156	744	44	9000
649	453	995	50	9000
650	530	919	50	11000
651	326	993	24	9000
652	431	974	20	9000
653	359	944	31	9000
654	153	844	12	9000
655	202	695	39	11000
656	303	992	34	9000
657	451	1000	50	9000
658	32	923	27	9000
659	202	994	7	9000
660	281	768	9	11000
661	380	992	5	9000
662	379	969	39	9000
663	133	899	28	9000
664	332	994	21	9000
665	130	542	50	11000
666	177	743	38	9000
667	107	995	49	9000
668	228	943	12	9000
669	252	822	29	9000
670	230	700	50	11000
671	5	919	50	9000
672	405	974	42	9000
673	27	820	34	9000
674	254	921	16	9000
675	6	445	12	11000
676	8	674	20	9000
677	2	922	50	9000
678	279	819	50	9000
679	279	868	28	9000
680	132	547	50	11000
681	180	948	12	9000
682	427	999	2	9000
683	77	694	50	9000
684	251	796	50	9000
685	206	670	23	11000
686	426	973	5	9000
687	305	975	45	9000
688	254	919	5	9000
689	451	1000	50	9000
690	81	521	6	11000
691	259	799	50	9000
692	253	792	50	9000
693	353	999	14	9000
694	34	620	50	9000
695	405	867	26	11000
696	406	999	18	9000
697	206	821	31	9000
698	176	896	32	9000
699	80	842	28	9000
700	356	772	24	11000
701	457	996	13	9000
702	407	993	13	9000
703	81	796	24	9000
704	257	967	50	9000
705	557	946	50	11000
706	107	670	22	9000
707	283	971	50	9000
708	159	698	44	9000
709	452	996	50	9000
710	609	996	30	11000
711	127	870	32	9000
712	333	925	34	9000
713	57	867	47	9000
714	51	593	29	9000
715	326	749	19	11000
716	276	997	8	9000
717	107	673	33	9000
718	155	725	7	9000
719	29	945	20	9000
720	234	720	21	11000
721	153	870	46	9000
722	259	925	19	9000
723	352	995	4	9000
724	306	920	47	9000
725	501	917	22	11000
726	9	800	7	9000
727	55	800	50	9000
728	31	973	50	9000
729	382	920	50	9000
730	209	698	50	11000
731	452	996	25	9000
732	234	975	50	9000
733	33	625	7	9000
734	407	943	19	9000
735	608	994	43	11000
736	404	970	8	9000
737	126	774	50	9000
738	56	748	50	9000
739	333	998	50	9000
740	477	967	50	11000
741	154	723	34	9000
742	51	945	50	9000
743	409	975	9	9000
744	426	973	32	9000
745	507	894	43	11000
746	254	798	23	9000
747	1	900	50	9000
748	79	622	33	9000
749	54	944	15	9000
750	383	817	42	11000
751	328	949	11	9000
752	81	843	50	9000
753	426	967	5	9000
754	108	794	23	9000
755	502	900	15	11000
756	280	825	47	9000
757	329	919	3	9000
758	178	900	50	9000
759	78	972	42	9000
760	459	899	35	11000
761	226	773	50	9000
762	55	696	50	9000
763	179	975	25	9000
764	107	974	9	9000
765	234	647	15	11000
766	55	875	12	9000
767	228	994	31	9000
768	201	970	10	9000
769	406	944	32	9000
770	104	622	50	11000
771	80	722	13	9000
772	179	721	50	9000
773	155	892	50	9000
774	434	967	49	9000
775	2	449	13	11000
776	7	843	48	9000
777	1	950	7	9000
778	284	842	43	9000
779	157	971	31	9000
780	357	794	50	11000
781	453	995	43	9000
782	209	922	50	9000
783	278	821	50	9000
784	256	817	24	9000
785	227	673	5	11000
786	359	945	30	9000
787	452	999	43	9000
788	383	920	46	9000
789	155	719	9	9000
790	102	519	28	11000
791	232	948	50	9000
792	432	998	21	9000
793	455	995	33	9000
794	133	673	38	9000
795	278	670	6	11000
796	55	619	9	9000
797	454	997	43	9000
798	308	922	50	9000
799	152	800	11	9000
800	358	848	19	11000
801	455	992	11	9000
802	409	942	50	9000
803	405	948	25	9000
804	6	969	33	9000
805	59	549	49	11000
806	455	995	38	9000
807	309	896	27	9000
808	283	899	12	9000
809	134	993	50	9000
810	405	899	50	11000
811	178	748	49	9000
812	429	969	50	9000
813	304	1000	39	9000
814	28	975	25	9000
815	429	869	7	11000
816	231	918	38	9000
817	434	993	19	9000
818	432	994	19	9000
819	126	673	50	9000
820	177	648	15	11000
821	328	998	39	9000
822	204	849	50	9000
823	103	675	42	9000
824	456	993	50	9000
825	457	872	46	11000
826	326	920	27	9000
827	58	794	50	9000
828	81	720	32	9000
829	53	875	50	9000
830	579	997	44	11000
831	434	994	26	9000
832	302	942	34	9000
833	127	721	50	9000
834	258	974	30	9000
835	507	896	50	11000
836	8	873	38	9000
837	308	920	26	9000
838	353	970	9	9000
839	101	647	50	9000
840	326	720	50	11000
841	52	818	16	9000
842	182	745	40	9000
843	204	773	12	9000
844	454	995	6	9000
845	104	519	5	11000
846	127	799	50	9000
847	355	896	27	9000
848	207	899	27	9000
849	376	972	44	9000
850	251	670	50	11000
851	33	943	19	9000
852	331	919	20	9000
853	279	945	13	9000
854	284	974	50	9000
855	102	496	3	11000
856	57	846	50	9000
857	331	1000	44	9000
858	402	999	50	9000
859	252	842	47	9000
860	134	646	5	11000
861	9	667	50	9000
862	34	849	5	9000
863	378	942	20	9000
864	427	971	39	9000
865	231	643	32	11000
866	181	872	37	9000
867	306	947	3	9000
868	201	870	50	9000
869	80	850	41	9000
870	126	517	26	11000
871	103	794	40	9000
872	105	867	38	9000
873	433	975	41	9000
874	2	770	14	9000
875	509	944	10	11000
876	204	819	30	9000
877	380	973	47	9000
878	58	974	50	9000
879	30	998	6	9000
880	58	495	26	11000
881	180	872	20	9000
882	79	795	35	9000
883	33	670	25	9000
884	283	872	29	9000
885	501	970	50	11000
886	207	867	6	9000
887	179	893	50	9000
888	251	797	32	9000
889	52	595	50	9000
890	182	618	15	11000
891	5	771	32	9000
892	279	946	16	9000
893	81	996	3	9000
894	127	725	43	9000
895	56	550	14	11000
896	328	972	36	9000
897	309	1000	50	9000
898	328	949	49	9000
899	334	871	9	9000
900	402	874	35	11000
901	354	893	1	9000
902	233	950	35	9000
903	278	850	34	9000
904	455	999	45	9000
905	308	820	50	11000
906	30	572	50	9000
907	330	945	25	9000
908	8	743	15	9000
909	209	745	50	9000
910	256	725	20	11000
911	27	895	46	9000
912	107	724	50	9000
913	226	792	50	9000
914	406	971	35	9000
915	307	717	22	11000
916	152	824	43	9000
917	103	650	50	9000
918	129	720	18	9000
919	457	996	7	9000
920	426	949	43	11000
921	376	925	5	9000
922	1	768	39	9000
923	4	775	19	9000
924	83	723	50	9000
925	284	722	13	11000
926	454	1000	48	9000
927	233	923	50	9000
928	126	773	32	9000
929	130	667	32	9000
930	129	598	10	11000
931	430	972	50	9000
932	456	1000	43	9000
933	454	994	29	9000
934	309	968	40	9000
935	602	994	45	11000
936	154	799	33	9000
937	253	893	5	9000
938	228	799	7	9000
939	430	998	20	9000
940	251	722	21	11000
941	233	920	46	9000
942	152	918	46	9000
943	134	823	7	9000
944	130	773	41	9000
945	303	693	38	11000
946	354	918	12	9000
947	5	947	43	9000
948	107	848	39	9000
949	30	944	22	9000
950	334	793	1	11000
951	156	724	46	9000
952	102	1000	10	9000
953	4	618	14	9000
954	383	950	7	9000
955	359	746	50	11000
956	203	742	50	9000
957	153	693	46	9000
958	179	823	42	9000
959	283	950	50	9000
960	530	999	38	11000
961	282	948	8	9000
962	180	819	44	9000
963	384	950	30	9000
964	404	994	50	9000
965	608	998	11	11000
966	208	820	1	9000
967	204	768	16	9000
968	434	1000	43	9000
969	178	768	23	9000
970	6	469	18	11000
971	54	673	50	9000
972	106	924	50	9000
973	329	920	15	9000
974	258	996	43	9000
975	526	918	49	11000
976	29	792	24	9000
977	26	671	21	9000
978	327	919	17	9000
979	158	848	2	9000
980	479	875	43	11000
981	458	998	35	9000
982	77	975	45	9000
983	356	897	50	9000
984	82	823	28	9000
985	253	696	17	11000
986	157	797	11	9000
987	452	995	8	9000
988	302	946	23	9000
989	382	969	36	9000
990	503	944	49	11000
991	101	696	19	9000
992	409	950	46	9000
993	358	946	22	9000
994	429	971	24	9000
995	153	567	29	11000
996	205	749	39	9000
997	305	873	42	9000
998	78	996	25	9000
999	1	744	22	9000
1000	77	493	50	11000
